0.149429,0.013073,1.138804,1.132779,1.283889
0.149794,0.00785,1.108408,1.122347,1.336776
0.149977,0.002618,1.100214,1.113375,1.347676
0.149977,0.002618,1.073213,1.10586,1.360877
0.149794,0.00785,1.088111,1.120338,1.376553
0.148882,0.01828,1.041427,1.113111,1.4162
0.148153,0.023465,1.040158,1.111851,1.492169
0.147244,0.028621,1.008963,1.112223,1.521747
0.146156,0.033743,0.99583,1.114294,1.555434
0.143446,0.043856,0.974006,1.123858,1.617055
0.141828,0.048835,0.96529,1.177293,1.696953
0.138076,0.05861,0.972774,1.201162,1.818636
0.133651,0.068099,0.966087,1.235323,2.050782
0.128575,0.077256,0.965761,1.334775,2.320909
0.125801,0.081696,0.968123,1.365132,2.451028
0.119795,0.090272,0.9783,1.431262,3.021971
0.113206,0.098409,1.043141,1.562406,3.76699
0.109703,0.1023,1.05661,1.60661,4.252155
0.1023,0.109703,1.091521,1.74978,5
0.094398,0.116572,1.191805,2.048395,5
0.090272,0.119795,1.222617,2.204794,5
0.081696,0.125801,1.272302,2.663533,5
0.072721,0.131193,1.400822,3.36303,5
0.068099,0.133651,1.482842,3.929113,5
0.05861,0.138076,1.696052,5,5
0.053755,0.140037,1.785192,5,5
0.053755,0.140037,1.766921,5,5
0.053755,0.140037,1.746047,5,5
0.053755,0.140037,1.732839,5,5
0.053755,0.140037,1.722402,5,5
0.053755,0.140037,1.693694,5,5
0.053755,0.140037,1.67282,5,5
0.053755,0.140037,1.677882,5,5
0.053755,0.140037,1.657008,5,5
0.053755,0.140037,1.629303,5,5
0.053755,0.140037,1.608429,5,5
0.053755,0.140037,1.579721,5,5
0.053755,0.140037,1.574347,5,5
0.053755,0.140037,1.563909,5,5
0.053755,0.140037,1.535202,5,5
0.053755,0.140037,1.506494,5,5
0.053755,0.140037,1.496057,5,5
0.053755,0.140037,1.490682,5,5
0.053755,0.140037,1.461975,5,5
0.053755,0.140037,1.498203,5,5
0.053755,0.140037,1.469496,5,5
0.053755,0.140037,1.440788,5,5
0.053755,0.140037,1.44585,5,5
0.053755,0.140037,1.424976,5,5
0.053755,0.140037,1.396269,5,5
0.053755,0.140037,1.385831,5,5
0.053755,0.140037,1.372623,5,5
0.053755,0.140037,1.351749,5,5
0.053755,0.140037,1.333479,5,5
0.053755,0.140037,1.312604,5,5
0.053755,0.140037,1.299396,5,5
0.053755,0.140037,1.288959,5,5
0.053755,0.140037,1.260252,5,5
0.053755,0.140037,1.239377,5,5
0.053755,0.140037,1.221107,5,5
0.053755,0.140037,1.209069,5,5
0.053755,0.140037,1.195861,5,5
0.053755,0.140037,1.185423,5,5
0.053755,0.140037,1.156716,5,5
0.053755,0.140037,1.135842,5,5
0.053755,0.140037,1.117571,5,5
0.053755,0.140037,1.112196,4.931066,5
0.053755,0.140037,1.083489,4.874722,5
0.053755,0.140037,1.073052,4.84655,5
0.043856,0.143446,1.297632,5,5
0.038823,0.144889,1.38789,5,5
0.038823,0.144889,1.378704,5,5
0.038823,0.144889,1.36352,5,5
0.038823,0.144889,1.345147,5,5
0.038823,0.144889,1.33915,5,5
0.038823,0.144889,1.320778,5,5
0.038823,0.144889,1.305594,5,5
0.038823,0.144889,1.299597,5,5
0.038823,0.144889,1.281224,5,5
0.038823,0.144889,1.26604,4.923295,5
0.038823,0.144889,1.256854,4.898827,5
0.038823,0.144889,1.219603,4.869968,5
0.038823,0.144889,1.210417,4.865577,5
0.038823,0.144889,1.195233,4.825275,4.911812
0.038823,0.144889,1.287198,4.796415,4.881812
0.038823,0.144889,1.259133,4.792024,4.866812
0.038823,0.144889,1.24395,4.763165,4.836812
0.038823,0.144889,1.257851,4.72848,4.806812
0.038823,0.144889,1.257851,4.704012,4.791812
0.028621,0.147244,1.502934,4.654087,4.867716
0.023465,0.148153,1.653416,4.584365,5
0.023465,0.148153,1.646209,4.569548,4.884423
0.023465,0.148153,1.629768,4.539913,4.852684
0.023465,0.148153,1.615353,4.510278,4.820946
0.023465,0.148153,1.608145,4.49546,4.805076
0.023465,0.148153,1.612857,4.465825,4.773337
0.023465,0.148153,1.704204,4.43619,4.741599
0.023465,0.148153,1.69497,4.421372,4.725729
0.023465,0.148153,1.680555,4.391737,4.693991
0.023465,0.148153,1.685266,4.362102,4.662252
0.023465,0.148153,1.678059,4.347284,4.646383
0.023465,0.148153,1.663644,4.317649,4.614644
0.01828,0.148882,1.902379,4.293283,4.650217
0.013073,0.149429,2.332716,4.28908,4.709094
0.013073,0.149429,2.337771,4.259079,4.676119
0.013073,0.149429,2.327669,4.22908,4.643144
0.013073,0.149429,2.322618,4.21408,4.626656
0.013073,0.149429,2.306967,4.18408,4.59368
0.013073,0.149429,2.296865,4.154079,4.560705
0.013073,0.149429,2.291814,4.13908,4.544217
0.013073,0.149429,2.276164,4.10908,4.511242
0.013073,0.149429,2.266061,4.07908,4.478267
0.013073,0.149429,2.26101,4.06408,4.461779
0.013073,0.149429,2.253881,4.03408,4.428803
0.013073,0.149429,2.403875,4.00408,4.395828
0.013073,0.149429,2.398824,3.98908,4.37934
0.013073,0.149429,2.388721,3.95908,4.346365
0.013073,0.149429,2.373071,3.92908,4.31339
0.013073,0.149429,2.36802,3.91408,4.296902
0.013073,0.149429,2.357918,3.88408,4.263927
0.013073,0.149429,2.347815,3.85408,4.230951
0.013073,0.149429,2.357922,3.83908,4.214464
0.013073,0.149429,2.347819,3.80908,4.181488
0.013073,0.149429,2.332169,3.77908,4.148513
0.013073,0.149429,2.327118,3.76408,4.132025
0.013073,0.149429,2.317015,3.73408,4.09905
0.013073,0.149429,2.301365,3.70408,4.066074
0.013073,0.149429,2.296314,3.68908,4.049587
0.00785,0.149794,2.900975,3.67299,4.088305
0.002618,0.149977,3.72679,3.661378,4.133611
0.002618,0.149977,3.725418,3.646193,4.116463
0.002618,0.149977,3.681925,3.615824,4.082168
0.002618,0.149977,3.658807,3.585454,4.047872
0.002618,0.149977,3.63706,3.57027,4.030725
0.002618,0.149977,3.616887,3.539901,3.996429
0.002618,0.149977,3.573395,3.509531,3.962134
0.002618,0.149977,3.572023,3.494346,3.944986
0.002618,0.149977,3.52853,3.463977,3.910691
0.002618,0.149977,3.508357,3.433608,3.876395
0.002618,0.149977,3.489314,3.418423,3.859247
0.002618,0.149977,3.466196,3.388054,3.824952
0.002618,0.149977,3.422703,3.357685,3.790657
0.002618,0.149977,3.421331,3.3425,3.773509
0.002618,0.149977,3.380784,3.31213,3.739213
0.002618,0.149977,3.357665,3.281761,3.704918
0.002618,0.149977,3.335919,3.266577,3.68777
0.002618,0.149977,3.312801,3.236207,3.653475
0.002618,0.149977,3.272253,3.205838,3.619179
0.002618,0.149977,3.270881,3.190653,3.602032
0.002618,0.149977,3.227389,3.160284,3.567736
0.002618,0.149977,3.20427,3.129915,3.533441
0.002618,0.149977,3.185469,3.11473,3.516293
0.002618,0.149977,3.162351,3.084361,3.481998
0.002618,0.149977,3.118858,3.053991,3.447703
0.002618,0.149977,3.117486,3.038807,3.430555
0.002618,0.149977,3.076939,3.008437,3.39626
0.002618,0.149977,3.053821,2.978068,3.361964
0.002618,0.149977,3.032074,2.962883,3.344816
0.002618,0.149977,2.989137,2.95151,3.381183
0.013073,0.149429,2.935053,2.9709,3.508978
0.01828,0.148882,2.894087,2.986719,3.584574
0.028621,0.147244,2.820979,3.031437,3.763325
0.038823,0.144889,2.802845,3.07304,3.901353
0.043856,0.143446,2.799353,3.112329,4.01324
0.053755,0.140037,2.803684,3.208348,4.324017
0.05861,0.138076,2.797474,3.249562,2.68863
0.05861,0.138076,2.783303,3.233098,2.681291
0.05861,0.138076,2.754962,3.200171,2.666614
0.053755,0.140037,2.705022,3.095361,4.174613
0.048835,0.141828,2.67302,3.014326,3.966856
0.05861,0.138076,2.68332,3.116937,4.301446
0.068099,0.133651,2.708946,3.247135,2.245181
0.072721,0.131193,2.727845,3.324303,2.044928
0.068099,0.133651,2.667276,3.197238,2.267964
0.063393,0.135946,2.611154,3.080396,2.504953
0.05861,0.138076,2.572914,2.988667,4.121748
0.05861,0.138076,2.544371,2.955506,4.058683
0.068099,0.133651,2.567372,3.077611,2.287763
0.072721,0.131193,2.584656,3.150092,2.109924
0.068099,0.133651,2.539678,3.044449,2.342514
0.05861,0.138076,2.461398,2.859108,3.940254
0.053755,0.140037,2.427695,2.777766,3.723723
0.05861,0.138076,2.432856,2.825947,3.877189
0.063393,0.135946,2.441503,2.880346,4.05359
0.072721,0.131193,2.469738,3.010275,2.120811
0.077256,0.128575,2.489635,3.087316,1.997988
0.072721,0.131193,2.442264,2.97685,2.149979
0.068099,0.133651,2.398892,2.875869,4.19512
0.068099,0.133651,2.3707,2.842112,4.148987
0.072721,0.131193,2.385741,2.90808,2.188209
0.077256,0.128575,2.404564,2.982082,1.995439
0.072721,0.131193,2.358267,2.874654,2.217377
0.063393,0.135946,2.277057,2.686436,3.79062
0.05861,0.138076,2.241713,2.603876,3.584098
0.063393,0.135946,2.248689,2.652984,3.725375
0.068099,0.133651,2.258996,2.708355,3.912763
0.077256,0.128575,2.290141,2.84054,2.07041
0.081696,0.125801,2.311316,2.918984,1.908107
0.077256,0.128575,2.262894,2.806835,2.09797
0.072721,0.131193,2.218385,2.704466,4.075539
0.072721,0.131193,2.190375,2.670387,4.032619
0.077256,0.128575,2.2067,2.737323,2.064722
0.081696,0.125801,2.22669,2.812471,1.902523
0.077256,0.128575,2.179453,2.703618,4.205989
0.077256,0.128575,2.151628,2.669198,4.147927
0.081696,0.125801,2.149108,2.74217,1.980084
0.086036,0.122873,2.171756,2.824125,1.824236
0.081696,0.125801,2.122093,2.708169,1.961259
0.072721,0.131193,2.055321,2.506073,3.784349
0.068099,0.133651,2.016313,2.41776,3.495718
0.072721,0.131193,2.02731,2.471994,3.678428
0.077256,0.128575,2.04155,2.533032,3.936418
0.086036,0.122873,2.058366,2.678792,1.822307
0.090272,0.119795,2.083046,2.729564,1.716854
0.086036,0.122873,2.03159,2.644473,1.846989
0.081696,0.125801,1.98409,2.534473,4.068984
0.081696,0.125801,1.956455,2.499691,4.011274
0.086036,0.122873,1.976085,2.573332,4.313256
0.090272,0.119795,1.999352,2.630116,1.727393
0.094398,0.116572,2.026506,2.683038,1.626683
0.086036,0.122873,1.923229,2.505586,4.184216
0.081696,0.125801,1.8774,2.40019,3.870072
0.086036,0.122873,1.895791,2.470418,4.128564
0.090272,0.119795,1.91768,2.53133,4.446412
0.098409,0.113206,1.97294,2.564063,1.5379
0.1023,0.109703,2.006916,2.724757,1.445407
0.098409,0.113206,1.946935,2.534688,1.516672
0.094398,0.116572,1.891545,2.478009,1.635014
0.086036,0.122873,1.792987,2.338652,3.924044
0.081696,0.125801,1.749166,2.238791,3.605871
0.086036,0.122873,1.765549,2.303485,3.846325
0.090272,0.119795,1.785201,2.368146,4.167507
0.098409,0.113206,1.835231,2.424857,1.546125
0.1023,0.109703,1.866169,2.552243,1.45354
0.098409,0.113206,1.809226,2.395482,1.524898
0.094398,0.116572,1.756584,2.329965,4.326651
0.094398,0.116572,1.729558,2.297922,4.252234
0.098409,0.113206,1.754843,2.345591,4.573227
0.1023,0.109703,1.784009,2.420422,1.455821
0.106066,0.106066,1.817391,2.538792,1.366722
0.098409,0.113206,1.703666,2.289529,4.445354
0.094398,0.116572,1.65313,2.218547,4.134478
0.098409,0.113206,1.676859,2.265107,4.424962
0.1023,0.109703,1.704305,2.309349,4.822752
0.109703,0.1023,1.771684,2.537786,1.280549
0.113206,0.098409,1.812434,2.677073,1.217703
0.109703,0.1023,1.746553,2.489962,1.278198
0.106066,0.106066,1.685849,2.354367,1.321112
0.098409,0.113206,1.577957,2.128844,4.196229
0.094398,0.116572,1.52993,2.070244,3.825885
0.098409,0.113206,1.551151,2.095614,4.124761
0.1023,0.109703,1.575824,2.058008,4.337492
0.109703,0.1023,1.636762,2.337607,5
0.113206,0.098409,1.673781,2.476361,1.22246
0.116572,0.094398,1.715781,2.610686,1.15421
0.113206,0.098409,1.648972,2.431092,1.202086
0.106066,0.106066,1.530769,2.122581,4.813063
0.1023,0.109703,1.47833,1.954904,4.224889
0.106066,0.106066,1.504429,2.095416,4.750081
0.109703,0.1023,1.534382,2.191283,4.73741
0.116572,0.094398,1.607441,2.446976,1.113712
0.119795,0.090272,1.651527,2.594921,1.04781
0.116572,0.094398,1.582972,2.404404,1.093462
0.113206,0.098409,1.519997,2.24398,5
0.113206,0.098409,1.494171,2.197177,5
0.116572,0.094398,1.530831,2.314273,5
0.119795,0.090272,1.57247,2.465046,1.02766
0.122873,0.086036,1.619687,2.651413,1.00382
0.116572,0.094398,1.483001,2.253721,5
0.113206,0.098409,1.422912,2.09732,5
0.116572,0.094398,1.457453,2.20947,5
0.119795,0.090272,1.496749,2.340547,4.955515
0.125801,0.081696,1.573828,2.757952,0.921263
0.128575,0.077256,1.637307,3.007967,0.900137
0.125801,0.081696,1.552501,2.725004,0.901235
0.122873,0.086036,1.49517,2.436953,4.914175
0.122873,0.086036,1.470236,2.395235,4.900071
0.125801,0.081696,1.506013,2.630689,4.864975
0.128575,0.077256,1.519593,2.863653,4.84606
0.131193,0.072721,1.565377,3.148598,0.820125
0.131193,0.072721,1.523311,3.103319,0.800122
0.128575,0.077256,1.452752,2.774049,4.833597
0.125801,0.081696,1.444025,2.509321,4.78697
0.128575,0.077256,1.432509,2.742657,4.808155
0.133651,0.068099,1.458272,3.333034,0.741016
0.135946,0.063393,1.578902,3.698007,0.72275
0.133651,0.068099,1.41957,3.293724,4.560544
0.131193,0.072721,1.423351,2.920735,4.641629
0.135946,0.063393,1.54188,3.602404,4.471675
0.138076,0.05861,1.611733,3.719907,0.664957
0.140037,0.053755,1.713879,4.206633,0.647978
0.138076,0.05861,1.603976,3.691365,0.624656
0.133651,0.068099,1.410034,3.11084,4.491793
0.131193,0.072721,1.277724,2.759028,4.552958
0.133651,0.068099,1.386635,3.06834,4.465272
0.135946,0.063393,1.450034,3.395542,4.362603
0.140037,0.053755,1.615335,4.095942,4.069754
0.141828,0.048835,1.707992,4.521137,0.590856
0.143446,0.043856,1.82148,4.503859,0.513152
0.143446,0.043856,1.811819,4.489407,0.492626
0.143446,0.043856,1.79166,4.460502,0.57473
0.143446,0.043856,1.781161,4.44605,4.039487
0.143446,0.043856,1.771501,4.431597,4.024765
0.143446,0.043856,1.761001,4.417145,4.010043
0.143446,0.043856,1.741681,4.38824,3.980599
0.143446,0.043856,1.731182,4.373788,3.986403
0.143446,0.043856,1.721522,4.359336,3.992208
0.143446,0.043856,1.711862,4.344883,3.977486
0.143446,0.043856,1.714149,4.315979,3.948042
0.143446,0.043856,1.704489,4.301527,3.93332
0.143446,0.043856,1.69399,4.287074,3.918598
0.143446,0.043856,1.68433,4.272622,3.903876
0.146156,0.033743,2.001031,4.256389,3.803882
0.147244,0.028621,2.182628,4.236205,3.676576
0.147244,0.028621,2.174641,4.221478,3.664215
0.147244,0.028621,2.179618,4.206752,3.651853
0.147244,0.028621,2.163645,4.177299,3.603952
0.147244,0.028621,2.147198,4.162572,3.591591
0.147244,0.028621,2.139211,4.147845,3.57923
0.147244,0.028621,2.131225,4.133118,3.588021
0.147244,0.028621,2.128214,4.103665,3.587638
0.147244,0.028621,2.120228,4.088938,3.593217
0.147244,0.028621,2.112241,4.074212,3.577645
0.147244,0.028621,2.095794,4.059485,3.625529
0.147244,0.028621,2.079821,4.036149,3.594383
0.147244,0.028621,2.071835,4.032177,3.57881
0.147244,0.028621,2.055388,4.008202,3.58439
0.147244,0.028621,2.047401,4.00423,3.568817
0.147244,0.028621,2.047258,3.956398,3.537671
0.147244,0.028621,2.030811,3.941672,3.522099
0.147244,0.028621,2.022825,3.926945,3.506526
0.148153,0.023465,2.232582,3.912048,3.373326
0.148882,0.01828,2.490821,3.887114,3.397939
0.148882,0.01828,2.463655,3.872205,3.38089
0.148882,0.01828,2.463067,3.897351,3.363842
0.148882,0.01828,2.4359,3.882443,3.346793
0.148882,0.01828,2.402482,3.852625,3.320427
0.148882,0.01828,2.401894,3.837717,3.303378
0.148882,0.01828,2.374728,3.822808,3.272334
0.148882,0.01828,2.368475,3.807899,3.255286
0.148882,0.01828,2.35597,3.778082,3.22892
0.148882,0.01828,2.349718,3.763174,3.211871
0.148882,0.01828,2.34913,3.748265,3.194822
0.148882,0.01828,2.342877,3.693302,3.177774
0.148882,0.01828,2.330373,3.663484,3.151408
0.148882,0.01828,2.329785,3.648576,3.163818
0.149429,0.013073,2.560541,3.602644,3.169539
0.149794,0.00785,2.644853,3.520691,3.200595
0.149794,0.00785,2.634632,3.510658,3.181607
0.149794,0.00785,2.906624,3.495566,3.160051
0.149794,0.00785,2.911776,3.480474,3.139333
0.149794,0.00785,2.896403,3.465382,3.117777
0.149794,0.00785,2.906708,3.435198,3.098788
0.149794,0.00785,2.91186,3.420106,3.077232
0.149794,0.00785,2.896487,3.405014,3.078961
0.149794,0.00785,2.90164,3.389922,3.08069
0.149794,0.00785,2.911945,3.359738,3.060863
0.149794,0.00785,2.896571,3.344646,2.994413
0.149794,0.00785,2.901724,3.329554,2.973696
0.149794,0.00785,2.906877,3.314462,2.952979
0.149794,0.00785,2.896656,3.284278,2.933151
0.149794,0.00785,2.901809,3.269186,2.912434
0.149794,0.00785,2.865909,3.254095,2.882698
0.149794,0.00785,2.871062,3.239003,2.883588
0.149794,0.00785,2.840315,3.208819,2.842154
0.149794,0.00785,2.824941,3.193727,2.820597
0.149794,0.00785,2.809568,3.178635,2.79988
0.149794,0.00785,2.794194,3.183693,2.80077
0.149794,0.00785,2.763485,3.173696,2.760485
0.149977,0.002618,2.726695,3.114065,2.792969
0.149794,0.00785,2.732719,3.143494,2.757732
0.149977,0.002618,2.696157,3.083714,2.772261
0.149794,0.00785,3.118332,2.9534,2.790617
0.149429,0.013073,3.091416,2.902925,2.79402
0.149429,0.013073,3.076416,2.887455,2.775778
0.149794,0.00785,3.073129,2.907355,2.738582
0.149977,0.002618,2.609731,2.977569,2.630831
0.149794,0.00785,2.594358,3.007667,2.718658
0.149977,0.002618,2.558819,2.947219,2.610123
0.149977,0.002618,2.992782,2.86953,2.698844
0.149977,0.002618,2.962431,2.838991,2.61898
0.149977,0.002618,2.518098,2.886498,2.553268
0.149794,0.00785,2.502042,2.917041,2.640152
0.149977,0.002618,2.507934,2.876397,2.555427
0.149794,0.00785,2.891879,2.763775,2.577355
0.149429,0.013073,2.865793,2.711642,2.58445
0.149794,0.00785,2.861732,2.733066,2.538693
0.149977,0.002618,2.861314,2.757624,2.474755
0.149794,0.00785,2.379017,2.796269,2.505616
0.149429,0.013073,2.385636,2.830762,2.532385
0.149794,0.00785,2.348307,2.766122,2.516926
0.149977,0.002618,2.783197,2.724735,2.504204
0.149977,0.002618,2.75264,2.694366,2.469909
0.149794,0.00785,2.286757,2.705699,2.472064
0.149429,0.013073,2.29257,2.740524,2.455265
0.149794,0.00785,2.256048,2.675552,2.460928
0.149977,0.002618,2.679283,2.574469,2.412745
0.149794,0.00785,2.650389,2.538307,2.296516
0.149977,0.002618,2.648932,2.543931,2.377773
0.149977,0.002618,2.630524,2.572999,2.332852
0.149429,0.013073,2.168469,2.660346,2.367136
0.148882,0.01828,2.113475,2.598594,2.268517
0.149429,0.013073,2.137586,2.630401,2.33422
0.149794,0.00785,2.122933,2.544875,2.315359
0.149977,0.002618,2.527714,2.462713,2.261429
0.149794,0.00785,2.499562,2.405192,2.273119
0.149977,0.002618,2.497363,2.432175,2.226456
0.149977,0.002618,2.478019,2.461929,2.253157
0.149429,0.013073,2.013485,2.469918,2.246091
0.148882,0.01828,2.019673,2.448685,2.105885
0.149429,0.013073,1.982602,2.439973,2.124906
0.149794,0.00785,2.03087,2.434347,2.192236
0.149977,0.002618,2.376144,2.330582,2.156778
0.149794,0.00785,2.348734,2.272077,2.118466
0.149977,0.002618,2.345793,2.300044,2.145138
0.149977,0.002618,2.325514,2.310359,2.127727
0.149429,0.013073,1.858501,2.319643,1.992642
0.148882,0.01828,1.863129,2.298776,2.160525
0.149429,0.013073,1.827618,2.289698,1.959727
0.149794,0.00785,2.267225,2.28352,1.979327
0.149794,0.00785,2.236459,2.253318,1.945683
0.149429,0.013073,1.786311,2.22957,1.959838
0.148882,0.01828,1.769299,2.208923,2.063046
0.149429,0.013073,1.734722,2.199625,1.94899
0.149977,0.002618,2.163068,2.148911,1.991141
0.149977,0.002618,2.133726,2.086667,1.970777
0.149977,0.002618,2.132511,2.118541,1.956845
0.149794,0.00785,2.113584,2.172993,1.811311
0.148882,0.01828,1.644102,2.089032,1.93298
0.148153,0.023465,1.648899,2.071558,1.930624
0.148882,0.01828,1.631279,2.059288,1.900711
0.149429,0.013073,1.677147,2.049625,1.916518
0.149977,0.002618,2.017059,2.038117,1.728822
0.149977,0.002618,1.984432,1.975189,1.749782
0.149794,0.00785,1.970504,1.982141,1.868068
0.148882,0.01828,1.505796,1.939398,1.8141
0.148882,0.01828,1.463969,1.909653,1.803558
0.149429,0.013073,1.904908,1.899624,1.751641
0.149429,0.013073,1.884203,1.869588,1.76276
0.148153,0.023465,1.417212,1.84028,1.73901
0.147244,0.028621,1.413911,1.820277,1.741743
0.148882,0.01828,1.401227,1.80247,1.674285
0.149794,0.00785,1.765243,1.772122,1.656561
0.149977,0.002618,1.752193,1.806843,1.650586
0.149429,0.013073,1.718558,1.720045,1.620453
0.148153,0.023465,1.247992,1.700259,1.600861
0.147244,0.028621,1.242528,1.680256,1.62649
0.148882,0.01828,1.673107,1.642251,1.577627
0.148882,0.01828,1.631279,1.622223,1.54522
0.148153,0.023465,1.205688,1.600244,1.548295
0.148153,0.023465,1.14223,1.580241,1.516654
0.149429,0.013073,1.532209,1.545883,1.490091
0.149794,0.00785,1.539456,1.532286,1.479179
0.148882,0.01828,1.505796,1.502059,1.459401
0.147244,0.028621,1.028299,1.440219,1.448734
0.146156,0.033743,1.021179,1.421949,1.457106
0.148153,0.023465,1.459517,1.420216,1.422032
0.148153,0.023465,1.417212,1.400213,1.390215
0.147244,0.028621,0.985453,1.340204,1.417212
0.147244,0.028621,0.921185,1.320201,1.374907
0.148882,0.01828,1.317572,1.321811,1.347087
0.149429,0.013073,1.304448,1.304966,1.324054
0.149977,0.002618,1.263209,1.295955,1.257689
0.149977,0.002618,1.242834,1.255457,1.257689
0.149794,0.00785,1.231565,1.249312,1.257005
0.149977,0.002618,1.17446,1.22246,1.189966
0.149429,0.013073,1.144355,1.263037,1.196359
0.148882,0.01828,1.121537,1.213002,1.177008
0.147244,0.028621,1.120171,1.156837,1.166011
0.144889,0.038823,1.104202,1.125445,1.159655
0.143446,0.043856,1.088111,1.122326,1.175902
0.140037,0.053755,1.07984,1.073303,1.106613
0.135946,0.063393,1.118098,1.049866,1.025451
0.133651,0.068099,1.066606,1.026751,1.001585
0.138076,0.05861,1.026304,1.001585,1.026751
0.138076,0.05861,0.985252,0.977738,1.026751
0.135946,0.063393,0.993865,0.952204,0.97662
0.135946,0.063393,0.952454,0.903373,0.952204
0.140037,0.053755,0.916845,0.886641,1.003672
0.141828,0.048835,0.890969,0.891816,0.927509
0.138076,0.05861,0.923674,0.858502,0.976666
0.133651,0.068099,0.857467,0.82641,0.906196
0.131193,0.072721,0.824944,0.797791,0.839976
0.125801,0.081696,0.803907,0.765703,0.785628
0.125801,0.081696,0.738725,0.738357,0.785628
0.128575,0.077256,0.749802,0.742007,0.777481
0.122873,0.086036,0.706162,0.707107,0.728229
0.116572,0.094398,0.686012,0.715507,0.749802
0.113206,0.098409,0.653315,0.720585,0.888401
0.106066,0.106066,0.610387,0.708049,0.890338
0.098409,0.113206,0.591909,0.723313,0.937219
0.094398,0.116572,0.609506,0.686012,0.951717
0.086036,0.122873,0.565685,0.617892,1.023896
0.077256,0.128575,0.556505,0.556995,0.962035
0.072721,0.131193,0.566174,0.549963,0.953557
0.063393,0.135946,0.585972,0.724693,1.251913
0.053755,0.140037,0.559984,0.794599,1.438507
0.048835,0.141828,0.54881,0.769473,1.576592
0.038823,0.144889,0.463419,0.823132,1.802807
0.028621,0.147244,0.407035,0.860131,2.258399
0.023465,0.148153,0.401896,0.800122,2.573399
0.013073,0.149429,0.579755,1.045887,5
0.002618,0.149977,0.631604,1.18773,5
0.002618,0.149977,0.607479,1.262171,5
0.013073,0.149429,0.682598,1.502567,5
0.023465,0.148153,0.700107,1.887551,5
0.028621,0.147244,0.660101,2.283456,5
0.038823,0.144889,0.883361,5,5
0.048835,0.141828,1.032714,5,4.719694
0.053755,0.140037,1.018717,5,4.288962
0.053755,0.140037,1.100214,5,4.352334
0.053755,0.140037,1.059465,5,4.3385
0.053755,0.140037,1.059465,5,4.331583
0.053755,0.140037,1.018717,5,4.42069
0.053755,0.140037,0.998342,5,4.406856
0.053755,0.140037,0.977968,5,4.425674
0.063393,0.135946,1.242331,5,3.663181
0.068099,0.133651,1.401227,5,3.367319
0.068099,0.133651,1.380313,5,3.359199
0.068099,0.133651,1.463969,5,3.34296
0.068099,0.133651,1.422141,5,3.398262
0.068099,0.133651,1.422141,5,3.390142
0.068099,0.133651,1.380313,5,3.373902
0.068099,0.133651,1.359399,5,3.357663
0.068099,0.133651,1.338485,5,3.349543
0.068099,0.133651,1.317572,5,3.428692
0.068099,0.133651,1.359399,5,3.412453
0.068099,0.133651,1.338485,5,3.42818
0.068099,0.133651,1.317572,5,3.411941
0.068099,0.133651,1.275744,5,3.395701
0.068099,0.133651,1.275744,5,3.387581
0.068099,0.133651,1.275744,5,3.353541
0.068099,0.133651,1.317572,5,3.450491
0.068099,0.133651,1.296658,5,3.442371
0.068099,0.133651,1.275744,5,3.497673
0.068099,0.133651,1.25483,5,3.481433
0.068099,0.133651,1.338485,5,3.497161
0.068099,0.133651,1.275744,5,3.480921
0.068099,0.133651,1.275744,5,3.512376
0.068099,0.133651,1.275744,5,3.504256
0.068099,0.133651,1.233916,5,3.488017
0.068099,0.133651,1.275744,5,3.519472
0.068099,0.133651,1.192089,5,3.535199
0.068099,0.133651,1.233916,5,3.518959
0.068099,0.133651,1.213002,5,3.50272
0.068099,0.133651,1.192089,5,3.4946
0.068099,0.133651,1.171175,5,3.549902
0.068099,0.133651,1.129347,4.906312,3.533662
0.068099,0.133651,1.129347,4.903196,3.525542
0.068099,0.133651,1.129347,4.872375,3.556998
0.068099,0.133651,1.171175,4.832891,3.588452
0.068099,0.133651,1.150261,4.821576,3.580333
0.072721,0.131193,1.269145,4.653159,3.319991
0.081696,0.125801,5,4.425521,2.878421
0.086036,0.122873,5,4.337852,2.707406
0.086036,0.122873,5,4.313518,2.68842
0.086036,0.122873,5,4.289183,2.669433
0.086036,0.122873,5,4.277015,2.64267
0.086036,0.122873,5,4.25268,2.729224
0.086036,0.122873,5,4.228346,2.710238
0.086036,0.122873,5,4.216178,2.722813
0.086036,0.122873,4.93847,4.191844,2.703827
0.086036,0.122873,4.923011,4.167509,2.68484
0.086036,0.122873,4.905842,4.155341,2.675348
0.086036,0.122873,4.865126,4.102722,2.656361
0.086036,0.122873,4.827599,4.078388,2.637375
0.086036,0.122873,4.81043,4.06622,2.716152
0.086036,0.122873,4.772903,4.041885,2.697166
0.086036,0.122873,4.732187,4.01755,2.67818
0.086036,0.122873,4.715018,4.005383,2.668687
0.086036,0.122873,4.699558,3.981048,2.671768
0.086036,0.122873,4.662032,3.956714,2.696917
0.086036,0.122873,4.663741,3.944546,2.687424
0.086036,0.122873,4.626214,3.920211,2.690506
0.086036,0.122873,4.610754,3.895877,2.67152
0.086036,0.122873,4.590397,3.883709,2.662026
0.086036,0.122873,4.529118,3.859375,2.687176
0.086036,0.122873,4.502002,3.83504,2.668189
0.086036,0.122873,4.488445,3.822872,2.658696
0.086036,0.122873,4.46133,3.798537,2.683845
0.086036,0.122873,4.434215,3.774203,2.686927
0.086036,0.122873,4.420657,3.762035,2.677433
0.086036,0.122873,4.384113,3.7377,2.658447
0.086036,0.122873,4.366427,3.713366,2.683596
0.086036,0.122873,4.35287,3.696356,2.674103
0.086036,0.122873,4.303687,3.661602,2.655117
0.086036,0.122873,4.276572,3.626849,2.658199
0.086036,0.122873,4.263015,3.583793,2.648705
0.086036,0.122873,4.213832,3.559458,2.629719
0.086036,0.122873,4.186717,3.535123,2.654868
0.086036,0.122873,4.17316,3.522956,2.645375
0.086036,0.122873,4.146044,3.498621,2.670524
0.086036,0.122873,4.096862,3.474286,2.651538
0.086036,0.122873,4.083304,3.462119,2.664113
0.086036,0.122873,4.05619,3.437784,2.645126
0.086036,0.122873,4.029074,3.413449,2.670275
0.086036,0.122873,4.015517,3.401282,2.660782
0.086036,0.122873,3.966334,3.376947,2.641796
0.086036,0.122873,3.939219,3.352612,2.62281
0.086036,0.122873,3.925662,3.340445,2.635384
0.086036,0.122873,3.898547,3.31611,2.616398
0.086036,0.122873,3.871432,3.291775,2.597412
0.086036,0.122873,3.857874,3.279608,2.587919
0.086036,0.122873,3.830759,3.255273,2.568933
0.086036,0.122873,3.803644,3.230938,2.549947
0.086036,0.122873,3.768019,3.218771,2.540454
0.086036,0.122873,3.762971,3.194436,2.521467
0.086036,0.122873,3.713789,3.170101,2.502481
0.086036,0.122873,3.700231,3.157934,2.492988
0.086036,0.122873,3.673116,3.133599,2.474002
0.086036,0.122873,3.646001,3.08098,2.455016
0.086036,0.122873,3.632444,3.068813,2.445523
0.086036,0.122873,3.561194,3.044478,2.426537
0.086036,0.122873,3.556146,3.020143,2.407551
0.086036,0.122873,3.520521,3.007976,2.398058
0.086036,0.122873,3.493406,2.983641,2.379071
0.086036,0.122873,3.466291,2.959306,2.360085
0.086036,0.122873,3.452734,2.947139,2.350592
0.086036,0.122873,3.425618,2.922804,2.331606
0.086036,0.122873,3.398504,2.898469,2.31262
0.086036,0.122873,3.384946,2.886302,2.303127
0.086036,0.122873,3.357831,2.861967,2.284141
0.086036,0.122873,3.330716,2.837632,2.265155
0.086036,0.122873,3.317158,2.825465,2.255661
0.086036,0.122873,3.267976,2.80113,2.236675
0.086036,0.122873,3.262928,2.776795,2.217689
0.086036,0.122873,3.205236,2.764628,2.208196
0.081696,0.125801,3.234921,2.782369,2.274817
0.077256,0.128575,3.266905,2.815493,2.302649
0.077256,0.128575,3.253133,2.803717,2.293816
0.077256,0.128575,3.225589,2.75765,2.27615
0.072721,0.131193,3.224599,2.832788,2.308129
0.068099,0.133651,3.228982,2.877095,2.354312
0.068099,0.133651,3.201443,2.854465,2.338073
0.068099,0.133651,3.162393,2.814981,2.321833
0.068099,0.133651,3.139101,2.803665,2.313713
0.05861,0.138076,3.439214,2.858773,2.372075
0.053755,0.140037,3.628508,2.846306,2.376638
0.053755,0.140037,3.614242,2.876634,2.369721
0.053755,0.140037,3.585711,2.84396,2.330152
0.053755,0.140037,3.557179,2.811285,2.316318
0.053755,0.140037,3.542913,2.771616,2.309401
0.053755,0.140037,3.514381,2.762274,2.295567
0.053755,0.140037,3.48585,2.729599,2.281733
0.053755,0.140037,3.410461,2.713262,2.274816
0.053755,0.140037,3.422678,2.680588,2.260982
0.053755,0.140037,3.312649,2.647913,2.247148
0.053755,0.140037,3.318758,2.631576,2.240231
0.043856,0.143446,3.835976,2.62849,2.295482
0.038823,0.144889,5,2.659906,2.311963
0.038823,0.144889,5,2.643919,2.306472
0.038823,0.144889,4.953134,2.611946,2.295491
0.038823,0.144889,4.903969,2.579973,2.284511
0.038823,0.144889,4.889425,2.563986,2.27902
0.038823,0.144889,4.860337,2.532012,2.239755
0.038823,0.144889,4.831248,2.500039,2.205266
0.038823,0.144889,4.816704,2.484052,2.223284
0.038823,0.144889,4.406164,2.452079,2.212303
0.038823,0.144889,4.437305,2.442173,2.201323
0.038823,0.144889,4.442837,2.404119,2.195832
0.038823,0.144889,3.731151,2.394213,2.156567
0.038823,0.144889,4.203972,2.384307,2.117302
0.038823,0.144889,4.209505,2.36832,2.111812
0.038823,0.144889,3.638353,2.336347,2.100831
0.033743,0.146156,4.701385,2.353262,2.141224
0.028621,0.147244,4.900692,2.367009,2.149378
0.028621,0.147244,4.871239,2.351036,2.144638
0.028621,0.147244,4.841786,2.326603,2.139897
0.028621,0.147244,4.827059,2.318616,2.113019
0.028621,0.147244,4.797606,2.294183,2.081779
0.028621,0.147244,4.768153,2.248327,2.050538
0.028621,0.147244,4.753426,2.24034,2.05016
0.028621,0.147244,4.723973,2.202944,2.018919
0.028621,0.147244,4.63451,2.178511,1.991664
0.028621,0.147244,4.619783,2.170524,1.991286
0.028621,0.147244,4.59033,2.124668,1.95606
0.028621,0.147244,4.560877,2.108695,1.928804
0.028621,0.147244,4.54615,2.092248,1.924442
0.028621,0.147244,4.516697,2.054852,1.87579
0.028621,0.147244,4.487244,2.030419,1.86327
0.028621,0.147244,4.432511,2.001009,1.87026
0.028621,0.147244,4.403058,1.979443,1.83124
0.028621,0.147244,4.373604,1.95501,1.81872
0.028621,0.147244,4.358878,1.947024,1.79921
0.028621,0.147244,4.329424,1.92259,1.76019
0.028621,0.147244,4.299971,1.885194,1.747671
0.028621,0.147244,4.285244,1.868747,1.754661
0.028621,0.147244,4.255791,1.831351,1.715641
0.028621,0.147244,4.226338,1.806918,1.676621
0.028621,0.147244,4.211611,1.798931,1.657111
0.028621,0.147244,4.142152,1.753075,1.644591
0.023465,0.148153,4.312558,1.753799,1.605979
0.01828,0.148882,5,1.739213,1.589926
0.01828,0.148882,5,1.708076,1.577685
0.01828,0.148882,5,1.676939,1.5404
0.01828,0.148882,5,1.661371,1.546801
0.01828,0.148882,5,1.672061,1.53456
0.01828,0.148882,5,1.661838,1.497276
0.01828,0.148882,5,1.667184,1.478634
0.01828,0.148882,5,1.636047,1.466392
0.01828,0.148882,4.234493,1.583996,1.429108
0.01828,0.148882,4.219584,1.589341,1.410466
0.00785,0.149794,5,1.793252,1.419082
0.002618,0.149977,5,1.911352,1.429786
0.002618,0.149977,5,1.896073,1.429278
0.002618,0.149977,5,1.906265,1.397095
0.002618,0.149977,5,1.875708,1.373748
0.002618,0.149977,5,1.880804,1.349908
0.002618,0.149977,5,1.870622,1.341058
0.002618,0.149977,5,1.840065,1.308875
0.002618,0.149977,5,1.824786,1.277201
0.002618,0.149977,5,1.794229,1.276184
0.002618,0.149977,5,1.763673,1.267335
0.002618,0.149977,5,1.748394,1.23566
0.002618,0.149977,5,1.717837,1.203478
0.002618,0.149977,5,1.68728,1.171295
0.002618,0.149977,5,1.672002,1.147454
0.002618,0.149977,5,1.682194,1.138605
0.002618,0.149977,5,1.672011,1.106422
0.002618,0.149977,5,1.677107,1.082581
0.002618,0.149977,5,1.687299,1.050399
0.002618,0.149977,5,1.656742,1.041549
0.002618,0.149977,5,1.641464,1.033207
0.002618,0.149977,5,1.610907,1.008858
0.002618,0.149977,5,1.58035,0.976676
0.002618,0.149977,5,1.565072,0.968334
0.002618,0.149977,5,1.534515,0.941798
0.002618,0.149977,5,1.503958,0.906804
0.002618,0.149977,5,1.48868,0.889307
0.002618,0.149977,5,1.458123,0.877646
0.002618,0.149977,5,1.44794,0.842653
0.002618,0.149977,5,1.453036,0.825156
0.002618,0.149977,5,1.426203,0.793311
0.002618,0.149977,5,1.426203,0.793311
0.002618,0.149977,5,1.426203,0.793311
0.002618,0.149977,5,1.426203,0.793311
0.002618,0.149977,5,1.385455,0.769978
0.002618,0.149977,5,1.36508,0.769978
0.002618,0.149977,5,1.344706,0.769978
0.002618,0.149977,5,1.324332,0.723313
0.002618,0.149977,5,1.324332,0.723313
0.002618,0.149977,5,1.324332,0.676647
0.002618,0.149977,5,1.324332,0.676647
0.002618,0.149977,5,1.324332,0.676647
0.002618,0.149977,5,1.324332,0.676647
0.002618,0.149977,5,1.303957,0.676647
0.002618,0.149977,5,1.283583,0.676647
0.002618,0.149977,5,1.263209,0.676647
0.002618,0.149977,5,1.22246,0.676647
0.002618,0.149977,5,1.202086,0.676647
0.002618,0.149977,5,1.181711,0.676647
0.002618,0.149977,5,1.140963,0.629982
0.002618,0.149977,5,1.140963,0.629982
0.002618,0.149977,5,1.120588,0.606649
0.002618,0.149977,5,1.120588,0.606649
0.002618,0.149977,5,1.120588,0.606649
0.002618,0.149977,5,1.018717,0.606649
0.002618,0.149977,5,1.018717,0.606649
0.002618,0.149977,5,1.018717,0.606649
0.002618,0.149977,5,1.018717,0.583317
0.002618,0.149977,5,0.998342,0.559984
0.002618,0.149977,5,0.977968,0.559984
0.00785,0.149794,5,1.188862,0.58361
0.013073,0.149429,5,1.786799,0.639959
0.013073,0.149429,5,1.786799,0.639959
0.013073,0.149429,5,2.108022,0.617892
0.013073,0.149429,5,2.067869,0.573757
0.013073,0.149429,5,2.067869,0.573757
0.013073,0.149429,5,2.027716,0.551689
0.013073,0.149429,5,2.027716,0.551689
0.013073,0.149429,5,2.00764,0.551689
0.013073,0.149429,5,1.987563,0.551689
0.013073,0.149429,5,1.94741,0.551689
0.013073,0.149429,5,1.927334,0.551689
0.013073,0.149429,5,1.907258,0.551689
0.013073,0.149429,5,1.867105,0.551689
0.013073,0.149429,5,1.867105,0.551689
0.013073,0.149429,5,1.826952,0.551689
0.013073,0.149429,5,1.806876,0.507554
0.013073,0.149429,5,1.786799,0.507554
0.013073,0.149429,5,1.786799,0.463419
0.013073,0.149429,5,1.766723,0.507554
0.013073,0.149429,5,1.746647,0.507554
0.013073,0.149429,5,1.766723,0.463419
0.013073,0.149429,5,1.72657,0.441351
0.013073,0.149429,5,1.706494,0.441351
0.013073,0.149429,5,1.686417,0.441351
0.013073,0.149429,5,1.646265,0.441351
0.013073,0.149429,5,1.646265,0.441351
0.013073,0.149429,5,1.606112,0.441351
0.013073,0.149429,5,1.586035,0.419284
0.013073,0.149429,5,1.565959,0.419284
0.013073,0.149429,5,1.545883,0.397216
0.013073,0.149429,5,1.545883,0.397216
0.013073,0.149429,5,1.545883,0.397216
0.013073,0.149429,5,1.525806,0.397216
0.013073,0.149429,5,1.485653,0.375149
0.013073,0.149429,5,1.465577,0.353081
0.013073,0.149429,5,1.445501,0.331013
0.013073,0.149429,5,1.405348,0.308946
0.013073,0.149429,5,1.405348,0.441351
0.013073,0.149429,5,1.365195,0.441351
0.013073,0.149429,5,1.365195,0.441351
0.013073,0.149429,5,1.345119,0.441351
0.013073,0.149429,5,1.304966,0.441351
0.013073,0.149429,5,1.284889,0.441351
0.013073,0.149429,5,1.264813,0.441351
0.013073,0.149429,5,1.244737,0.441351
0.013073,0.149429,5,1.204584,0.441351
0.013073,0.149429,5,1.184507,0.507554
0.013073,0.149429,5,1.164431,0.507554
0.013073,0.149429,5,1.164431,0.507554
0.013073,0.149429,5,1.164431,0.507554
0.013073,0.149429,5,1.124278,0.507554
0.013073,0.149429,5,1.104202,0.507554
0.013073,0.149429,5,1.084125,0.507554
0.013073,0.149429,5,1.043973,0.507554
0.013073,0.149429,5,1.023896,0.507554
0.013073,0.149429,5,0.983743,0.551689
0.01828,0.148882,5,1.061455,0.586635
0.023465,0.148153,5,1.080083,0.749802
0.023465,0.148153,5,1.065265,0.749802
0.023465,0.148153,5,1.03563,0.728379
0.023465,0.148153,5,1.005995,0.706956
0.023465,0.148153,5,0.991177,0.706956
0.028621,0.147244,5,1.021722,0.69803
0.033743,0.146156,5,1.074079,0.690157
0.033743,0.146156,5,1.059443,0.690157
0.033743,0.146156,5,1.030172,0.648329
0.033743,0.146156,5,1.000901,0.648329
0.033743,0.146156,5,0.986265,0.648329
0.038823,0.144889,5,5,0.647158
0.043856,0.143446,5,5,0.659846
0.043856,0.143446,5,5,0.645094
0.043856,0.143446,5,5,0.615782
0.043856,0.143446,5,5,0.615782
0.043856,0.143446,5,5,0.615782
0.043856,0.143446,5,4.950377,0.57473
0.043856,0.143446,5,4.921473,0.615782
0.043856,0.143446,5,4.907021,0.595256
0.043856,0.143446,5,4.878116,0.57473
0.043856,0.143446,5,4.849211,0.57473
0.043856,0.143446,5,4.834759,0.57473
0.043856,0.143446,5,4.805854,0.554204
0.043856,0.143446,5,4.77695,0.533678
0.043856,0.143446,5,4.762497,0.513152
0.043856,0.143446,5,4.733593,0.492626
0.043856,0.143446,5,4.704688,0.492626
0.043856,0.143446,5,4.690236,0.492626
0.043856,0.143446,5,4.661331,0.4721
0.043856,0.143446,5,4.632427,0.451574
0.043856,0.143446,5,4.617974,0.431048
0.043856,0.143446,5,4.58907,0.431048
0.043856,0.143446,5,4.560165,0.410522
0.043856,0.143446,5,4.545713,0.431048
0.043856,0.143446,5,4.516809,0.410522
0.043856,0.143446,5,4.487904,0.369469
0.043856,0.143446,5,4.473452,0.57473
0.043856,0.143446,5,4.444547,0.677361
0.043856,0.143446,5,4.415642,0.677361
0.043856,0.143446,5,4.40119,4.753255
0.043856,0.143446,5,4.372285,4.723812
0.043856,0.143446,5,4.343381,4.653316
0.043856,0.143446,5,4.328928,4.638594
0.043856,0.143446,5,4.300024,4.60915
0.043856,0.143446,5,4.271119,4.579706
0.043856,0.143446,5,4.256667,4.564984
0.043856,0.143446,5,4.227762,4.535541
0.043856,0.143446,5,4.198858,4.506097
0.043856,0.143446,5,4.184405,4.491375
0.043856,0.143446,4.892383,4.155501,4.441405
0.043856,0.143446,4.860184,4.126596,4.411961
0.043856,0.143446,4.844085,4.112144,4.397239
0.043856,0.143446,4.78944,4.08324,4.367795
0.043856,0.143446,4.757241,4.054335,4.338352
0.043856,0.143446,4.741142,4.039883,4.32363
0.043856,0.143446,4.708943,4.010978,4.253134
0.043856,0.143446,4.676745,3.982073,4.22369
0.043856,0.143446,4.660645,3.967621,4.208968
0.043856,0.143446,4.628447,3.938716,4.179524
0.043856,0.143446,4.596249,3.909812,4.150081
0.043856,0.143446,4.580149,3.89536,4.094306
0.043856,0.143446,4.547951,3.866455,4.064863
0.043856,0.143446,4.515752,3.83755,4.035419
0.043856,0.143446,4.499653,3.823098,4.020697
0.043856,0.143446,4.467454,3.794194,3.991253
0.043856,0.143446,4.435256,3.765289,3.96181
0.043856,0.143446,4.419156,3.750837,3.947088
0.043856,0.143446,4.386958,3.721932,3.917644
0.043856,0.143446,4.354759,3.693027,3.867674
0.043856,0.143446,4.33866,3.678575,3.852952
0.043856,0.143446,4.306461,3.649671,3.823508
0.043856,0.143446,4.274262,3.620766,3.794065
0.043856,0.143446,4.258163,3.606314,3.779343
0.043856,0.143446,4.225965,3.577409,3.708847
0.043856,0.143446,4.193766,3.548504,3.679403
0.043856,0.143446,4.177667,3.534052,3.664681
0.043856,0.143446,4.145468,3.505147,3.635237
0.043856,0.143446,4.11327,3.476243,3.605793
0.043856,0.143446,4.09717,3.461791,3.591072
0.043856,0.143446,4.064972,3.432886,3.520576
0.043856,0.143446,3.98788,3.403981,3.491132
0.043856,0.143446,3.971781,3.389529,3.47641
0.043856,0.143446,3.939582,3.360625,3.446966
0.043856,0.143446,3.907384,3.33172,3.417522
0.043856,0.143446,3.891284,3.317268,3.382274
0.043856,0.143446,3.814193,3.288363,3.352831
0.043856,0.143446,3.781994,3.259459,3.323387
0.043856,0.143446,3.765895,3.245006,3.308665
0.043856,0.143446,3.733696,3.216102,3.279221
0.043856,0.143446,3.701498,3.187197,3.249777
0.043856,0.143446,3.685399,3.172745,3.235055
0.043856,0.143446,3.6532,3.14384,3.205612
0.043856,0.143446,3.621001,3.114936,3.176168
0.043856,0.143446,3.604902,3.100483,3.161446
0.043856,0.143446,3.550257,3.071579,3.132002
0.043856,0.143446,3.518059,3.042674,3.102558
0.043856,0.143446,3.501959,3.028222,3.087837
0.043856,0.143446,3.469761,2.999317,3.058393
0.043856,0.143446,3.25799,2.970412,3.028949
0.043856,0.143446,3.24189,2.95596,3.014227
0.043856,0.143446,3.209692,2.927056,2.984783
0.043856,0.143446,3.177493,2.898151,2.955339
0.043856,0.143446,3.161394,2.883699,2.940618
0.043856,0.143446,3.129195,2.854794,2.911174
0.048835,0.141828,3.455339,2.840805,2.859368
0.053755,0.140037,3.535803,2.845129,2.826618
0.053755,0.140037,3.503129,2.836972,2.798262
0.053755,0.140037,3.470454,2.788066,2.769905
0.053755,0.140037,3.454117,2.7738,2.755727
0.053755,0.140037,3.39811,2.745269,2.72737
0.053755,0.140037,3.365436,2.716737,2.699014
0.053755,0.140037,3.349098,2.702471,2.684835
0.053755,0.140037,3.316424,2.67394,2.656479
0.05861,0.138076,3.383635,2.666562,2.614627
0.063393,0.135946,3.500154,2.677252,2.590768
0.063393,0.135946,3.466962,2.649104,2.563475
0.063393,0.135946,3.43377,2.620955,2.536182
0.063393,0.135946,3.417174,2.606881,2.522535
0.063393,0.135946,3.383982,2.578733,2.495242
0.068099,0.133651,3.466152,2.536317,2.461717
0.072721,0.131193,3.549376,2.553247,2.445343
0.072721,0.131193,3.515613,2.525496,2.4191
0.072721,0.131193,3.48185,2.497746,2.392858
0.072721,0.131193,3.464969,2.483871,2.379736
0.081696,0.125801,3.656804,2.506434,2.357234
0.086036,0.122873,3.752744,2.521122,2.338648
0.086036,0.122873,3.735368,2.507564,2.326313
0.086036,0.122873,3.700614,2.480449,2.301645
0.086036,0.122873,3.66586,2.453334,2.276977
0.086036,0.122873,3.648483,2.439777,2.264642
0.086036,0.122873,3.61373,2.412662,2.239974
0.086036,0.122873,3.578976,2.385546,2.215306
0.086036,0.122873,3.561599,2.371989,2.202971
0.094398,0.116572,3.774703,2.734026,2.199239
0.098409,0.113206,3.875071,2.766555,2.19066
0.098409,0.113206,3.863127,2.753348,2.179128
0.098409,0.113206,3.833195,2.726934,2.156063
0.098409,0.113206,3.803263,2.723853,2.132998
0.098409,0.113206,3.791319,2.710646,2.121465
0.098409,0.113206,3.761387,2.684232,2.0984
0.098409,0.113206,3.731455,2.657817,2.075335
0.098409,0.113206,3.693776,2.64461,2.063802
0.098409,0.113206,3.663844,2.618196,1.999989
0.098409,0.113206,3.633911,2.591782,1.976924
0.098409,0.113206,3.615923,2.578575,1.965391
0.098409,0.113206,3.58599,2.552161,1.942326
0.098409,0.113206,3.536368,2.525747,1.919261
0.098409,0.113206,3.518379,2.51254,1.907728
0.098409,0.113206,3.488447,2.486126,1.884663
0.1023,0.109703,3.542405,2.565616,1.876929
0.106066,0.106066,3.688513,2.642038,1.883666
0.106066,0.106066,3.637567,2.616141,1.861705
0.106066,0.106066,3.611036,2.590245,1.819038
0.106066,0.106066,3.582163,2.577296,1.808057
0.106066,0.106066,3.555632,2.5514,1.786095
0.106066,0.106066,3.518648,2.525503,1.764134
0.106066,0.106066,3.486194,2.512555,1.753153
0.109703,0.1023,3.49469,2.555125,1.750518
0.113206,0.098409,3.459395,2.604876,1.751399
0.113206,0.098409,3.446188,2.592213,1.740991
0.113206,0.098409,3.419774,2.566887,1.720176
0.116572,0.094398,3.390653,2.622398,1.723464
0.119795,0.090272,3.401669,2.698896,1.93585
0.119795,0.090272,3.374779,2.67421,1.916236
0.119795,0.090272,3.347889,2.649523,1.940077
0.119795,0.090272,3.334444,2.63718,1.973724
0.125801,0.081696,3.325749,2.789235,2.047758
0.128575,0.077256,3.313615,2.865165,2.117069
0.128575,0.077256,3.299843,2.849209,2.108237
0.128575,0.077256,3.250875,2.829643,2.09057
0.128575,0.077256,3.22333,2.810076,2.072904
0.128575,0.077256,3.209558,2.7983,2.064071
0.128575,0.077256,3.182014,2.778733,2.046405
0.131193,0.072721,3.17576,2.87672,2.097039
0.133651,0.068099,3.165942,2.942472,2.138567
0.133651,0.068099,3.13799,2.902989,2.122327
0.133651,0.068099,3.110039,2.880358,2.106087
0.133651,0.068099,3.096063,2.877232,2.097968
0.138076,0.05861,3.089572,2.945046,2.195599
0.140037,0.053755,3.077708,2.938843,2.246754
0.140037,0.053755,3.063442,2.945838,2.239837
0.140037,0.053755,3.03491,2.913164,2.226003
0.141828,0.048835,3.038264,2.865488,2.283187
0.143446,0.043856,3.057537,2.883667,2.355052
0.146156,0.033743,3.008651,2.885129,2.480553
0.148153,0.023465,2.97509,2.879328,2.621344
0.148882,0.01828,2.963922,2.871421,2.766122
0.149794,0.00785,2.952742,2.866826,2.761753
0.149977,0.002618,2.956615,2.880074,2.744573
0.149794,0.00785,2.964351,2.907429,2.764123
0.148882,0.01828,2.991959,2.85905,2.724895
0.147244,0.028621,3.040335,2.825991,2.723055
0.146156,0.033743,3.022758,2.815074,2.737968
0.143446,0.043856,2.915934,2.804401,2.75721
0.140037,0.053755,2.864204,2.808789,2.755377
0.138076,0.05861,2.866596,2.816787,2.762102
0.133651,0.068099,2.833989,2.863565,2.717199
0.128575,0.077256,2.840985,2.890342,2.687592
0.125801,0.081696,2.837403,2.876588,2.678402
0.119795,0.090272,2.863811,2.770376,2.671206
0.113206,0.098409,4.015385,2.719303,2.679132
0.109703,0.1023,4.200458,2.698197,2.688933
0.109703,0.1023,4.17219,2.672036,2.666415
0.109703,0.1023,4.11888,2.645875,2.643898
0.109703,0.1023,4.100651,2.632794,2.632639
0.109703,0.1023,4.072384,2.582786,2.610121
0.109703,0.1023,4.027264,2.556625,2.587603
0.109703,0.1023,4.009036,2.567391,2.576344
0.109703,0.1023,3.980768,2.517383,2.553827
0.109703,0.1023,3.952501,2.491222,2.531309
0.109703,0.1023,3.917419,2.454294,2.52005
0.109703,0.1023,3.889152,2.428133,2.497532
0.109703,0.1023,3.860885,2.401972,2.475014
0.109703,0.1023,3.825804,2.388891,2.463756
0.109703,0.1023,3.797536,2.36273,2.444451
0.109703,0.1023,3.769269,2.336569,2.435602
0.109703,0.1023,3.75104,2.323488,2.410652
0.109703,0.1023,3.69773,2.297327,2.388081
0.106066,0.106066,3.863289,2.256302,2.391557
0.1023,0.109703,4.039439,2.255484,2.399575
0.1023,0.109703,4.014748,2.229866,2.378181
0.1023,0.109703,3.966208,2.204247,2.356786
0.1023,0.109703,3.947425,2.191438,2.346088
0.1023,0.109703,3.922734,2.165819,2.324693
0.1023,0.109703,3.874195,2.1402,2.303299
0.1023,0.109703,3.868286,2.127391,2.292601
0.098409,0.113206,4.056592,2.087608,2.193493
0.094398,0.116572,4.486305,2.076401,2.138994
0.094398,0.116572,4.462353,2.063893,2.128883
0.094398,0.116572,4.41893,2.038877,2.065814
0.094398,0.116572,4.398374,2.013862,2.045592
0.094398,0.116572,4.378903,2.001354,2.03548
0.094398,0.116572,4.289745,1.976338,1.993834
0.094398,0.116572,4.246322,1.951322,1.973612
0.094398,0.116572,4.226851,1.938815,1.9635
0.094398,0.116572,4.114827,1.913799,1.921854
0.094398,0.116572,4.065534,1.888783,1.880209
0.094398,0.116572,4.046063,1.849775,1.870097
0.086036,0.122873,4.867247,1.846966,1.823244
0.081696,0.125801,5,1.864843,1.793956
0.081696,0.125801,5,1.827496,1.739894
0.081696,0.125801,5,1.805518,1.721556
0.081696,0.125801,5,1.785518,1.703218
0.081696,0.125801,5,1.773539,1.694049
0.081696,0.125801,5,1.75156,1.675711
0.081696,0.125801,5,1.731561,1.657373
0.081696,0.125801,4.906469,1.719582,1.648204
0.081696,0.125801,4.900864,1.699582,1.60742
0.081696,0.125801,4.873531,1.677603,1.566636
0.081696,0.125801,4.859864,1.665624,1.557467
0.081696,0.125801,4.810804,1.645625,1.516682
0.081696,0.125801,4.761744,1.623646,1.498344
0.081696,0.125801,4.748077,2.352003,1.489175
0.081696,0.125801,4.720745,2.328045,1.470837
0.081696,0.125801,4.649957,1.540363,1.430053
0.081696,0.125801,4.636291,2.296067,1.420884
0.081696,0.125801,4.559872,2.274088,1.3801
0.081696,0.125801,4.518054,2.279455,1.361762
0.081696,0.125801,4.497146,2.269456,1.352593
0.081696,0.125801,4.455329,2.247477,1.334255
0.081696,0.125801,4.442971,2.225498,1.315917
0.081696,0.125801,4.422063,2.215498,1.306748
0.081696,0.125801,4.387978,2.19352,1.265964
0.081696,0.125801,4.367888,2.17352,1.225179
0.081696,0.125801,4.355103,2.139771,1.21601
0.081696,0.125801,4.327282,2.115814,1.175226
0.081696,0.125801,4.293197,2.093835,1.156888
0.081696,0.125801,4.294016,2.083835,1.147719
0.081696,0.125801,4.252199,2.059877,1.129381
0.081696,0.125801,4.210382,2.037899,1.111043
0.081696,0.125801,4.189474,2.027899,1.101875
0.081696,0.125801,4.133661,2.003941,1.083537
0.081696,0.125801,4.10584,1.981962,1.020306
0.081696,0.125801,4.070936,2.026655,1.011137
0.081696,0.125801,4.029119,2.004677,0.992799
0.081696,0.125801,3.995034,1.980719,0.974461
0.081696,0.125801,3.974125,1.96838,0.987647
0.072721,0.131193,4.439228,2.167796,0.933307
0.068099,0.133651,4.589408,2.232754,0.88177
0.068099,0.133651,4.596346,2.229629,0.87365
0.068099,0.133651,4.547481,2.215188,0.857411
0.068099,0.133651,4.51953,2.175704,0.841171
0.068099,0.133651,4.505554,2.164389,0.809204
0.068099,0.133651,4.477602,2.149948,0.792964
0.068099,0.133651,4.449651,2.118654,0.776725
0.068099,0.133651,4.435675,2.107339,0.768605
0.068099,0.133651,4.407723,2.092898,0.752365
0.068099,0.133651,4.358858,2.078457,0.736126
0.068099,0.133651,4.344882,2.050289,0.728006
0.068099,0.133651,4.316931,2.027658,0.711766
0.068099,0.133651,4.309893,2.013217,0.695527
0.068099,0.133651,4.275003,2.010091,0.687407
0.068099,0.133651,4.226138,1.970608,0.695014
0.068099,0.133651,4.2191,1.959946,0.78696
0.068099,0.133651,4.205124,1.948631,0.858502
0.068099,0.133651,4.177173,1.917337,0.834654
0.068099,0.133651,4.128308,1.894706,1.04928
0.068099,0.133651,4.114332,1.89158,1.04928
0.068099,0.133651,4.065466,1.877139,1.120821
0.063393,0.135946,4.140357,1.942801,1.24519
0.05861,0.138076,4.232547,2.054359,1.302221
0.05861,0.138076,4.183679,2.021864,1.277178
0.05861,0.138076,4.155338,1.989368,1.252136
0.05861,0.138076,4.141167,1.991481,1.252136
0.05861,0.138076,4.112825,1.969959,1.252136
0.05861,0.138076,4.084484,1.950338,1.277178
0.05861,0.138076,4.070313,1.939577,1.277178
0.05861,0.138076,4.041971,1.907081,1.252136
0.053755,0.140037,4.084389,2.029101,1.28676
0.048835,0.141828,4.218878,2.134683,1.351513
0.048835,0.141828,4.196941,2.206005,1.325013
0.048835,0.141828,4.134505,2.176897,1.302183
0.048835,0.141828,4.103288,2.166824,1.295712
0.048835,0.141828,4.085149,2.142197,1.282771
0.048835,0.141828,4.07668,2.122051,1.269829
0.048835,0.141828,4.0143,2.130364,1.263358
0.048835,0.141828,3.972853,2.178819,1.250417
0.048835,0.141828,3.944134,2.154192,1.237475
0.048835,0.141828,3.929774,2.162506,1.231005
0.048835,0.141828,3.901055,2.183613,1.218063
0.048835,0.141828,3.872336,2.163466,1.205122
0.048835,0.141828,3.857976,2.148913,1.198651
0.048835,0.141828,3.829257,2.172373,1.192512
0.048835,0.141828,3.800538,2.126639,1.192512
0.048835,0.141828,3.786179,2.126639,1.192512
0.038823,0.144889,4.205239,2.548863,1.244508
0.033743,0.146156,4.465663,2.71429,1.285288
0.033743,0.146156,4.451028,2.713386,1.285288
0.033743,0.146156,4.341647,2.696114,1.285288
0.033743,0.146156,4.312376,2.664847,1.257941
0.033743,0.146156,4.29774,2.656211,1.257941
0.033743,0.146156,4.268469,2.654403,1.257941
0.033743,0.146156,4.239197,2.637132,1.257941
0.033743,0.146156,4.224562,2.614501,1.203248
0.033743,0.146156,4.195291,2.597229,1.203248
0.033743,0.146156,4.166019,2.573694,1.203248
0.033743,0.146156,4.151384,2.565058,1.203248
0.033743,0.146156,4.122113,2.533791,1.175902
0.033743,0.146156,4.032759,2.502524,1.175902
0.033743,0.146156,4.018124,2.493888,1.175902
0.033743,0.146156,3.988852,2.470352,1.148555
0.033743,0.146156,3.959581,2.431354,1.148555
0.033743,0.146156,3.944945,2.422718,1.148555
0.033743,0.146156,3.915674,2.391451,1.124134
0.033743,0.146156,3.886403,2.346188,1.116218
0.033743,0.146156,3.871767,2.337552,1.113249
0.033743,0.146156,3.802441,2.328012,1.105333
0.033743,0.146156,3.793197,2.310741,1.099396
0.033743,0.146156,3.738507,2.305433,1.093862
0.033743,0.146156,3.709236,2.274166,1.093862
0.028621,0.147244,5,2.446583,1.139511
0.023465,0.148153,5,2.56734,1.261024
0.023465,0.148153,5,2.578306,1.261024
0.023465,0.148153,5,2.568121,1.28676
0.023465,0.148153,5,2.573604,1.28676
0.023465,0.148153,5,2.521114,1.28676
0.023465,0.148153,5,2.510928,1.312495
0.023465,0.148153,5,2.49526,1.312495
0.023465,0.148153,5,2.463921,1.28676
0.023465,0.148153,5,2.432583,1.28676
0.023465,0.148153,5,2.416914,1.28676
0.023465,0.148153,5,2.385576,1.363965
0.023465,0.148153,5,2.354239,1.3897
0.023465,0.148153,5,2.338569,1.3897
0.023465,0.148153,5,2.307231,1.363965
0.023465,0.148153,5,2.275893,1.363965
0.023465,0.148153,5,2.260225,1.363965
0.023465,0.148153,5,2.250039,1.325687
0.023465,0.148153,5,2.239853,1.31823
0.023465,0.148153,5,2.224184,1.372017
0.023465,0.148153,5,2.213999,1.370605
0.023465,0.148153,5,2.203813,1.375237
0.023465,0.148153,5,2.188144,1.371509
0.023465,0.148153,5,2.177959,1.344361
0.023465,0.148153,5,2.188926,1.348994
0.023465,0.148153,5,2.130952,1.345266
0.023465,0.148153,5,2.120766,1.324163
0.023465,0.148153,5,2.131733,1.316706
0.023465,0.148153,5,2.116064,1.319023
0.023465,0.148153,5,2.084726,1.29792
0.023465,0.148153,5,2.07454,1.270773
0.023465,0.148153,5,2.037719,1.241309
0.023465,0.148153,5,2.027533,1.239897
0.023465,0.148153,5,1.996195,1.218795
0.023465,0.148153,5,1.980526,1.215066
0.023465,0.148153,5,1.949188,1.213654
0.023465,0.148153,5,1.91785,1.212242
0.023465,0.148153,5,1.902181,1.214558
0.023465,0.148153,2.941544,1.870843,1.193456
0.01828,0.148882,5,1.900646,1.211515
0.013073,0.149429,5,1.947583,1.279082
0.013073,0.149429,5,1.916643,1.260561
0.013073,0.149429,5,1.885702,1.228302
0.013073,0.149429,5,1.870232,1.234476
0.013073,0.149429,5,1.839292,1.222407
0.013073,0.149429,5,1.808352,1.185923
0.013073,0.149429,5,1.813588,1.192097
0.013073,0.149429,5,1.803353,1.180028
0.013073,0.149429,5,1.772413,1.192376
0.013073,0.149429,5,1.756943,1.174134
0.013073,0.149429,5,1.726003,1.186481
0.013073,0.149429,5,1.697853,1.171944
0.013073,0.149429,5,1.697853,1.147528
0.013073,0.149429,5,1.656442,1.123113
0.013073,0.149429,5,1.635736,1.123113
0.013073,0.149429,5,1.615031,1.123113
0.013073,0.149429,5,1.594325,1.123113
0.013073,0.149429,5,1.594325,1.123113
0.013073,0.149429,5,1.532209,1.123113
0.013073,0.149429,5,1.511503,1.123113
0.013073,0.149429,5,1.511503,1.074282
0.013073,0.149429,5,1.490798,1.074282
0.013073,0.149429,5,1.470092,1.025451
0.013073,0.149429,5,1.449387,1.025451
0.013073,0.149429,5,1.449387,1.025451
0.013073,0.149429,5,1.407976,1.025451
0.013073,0.149429,5,1.38727,1.025451
0.013073,0.149429,5,1.366565,1.025451
0.013073,0.149429,5,1.325153,1.025451
0.013073,0.149429,5,1.304448,1.001035
0.013073,0.149429,5,1.283742,0.97662
0.013073,0.149429,5,1.263037,0.952204
0.013073,0.149429,5,1.221626,0.927789
0.013073,0.149429,5,1.20092,0.927789
0.013073,0.149429,5,1.20092,0.927789
0.013073,0.149429,5,1.180215,0.927789
0.013073,0.149429,5,1.180215,0.927789
0.013073,0.149429,5,1.138804,0.927789
0.013073,0.149429,5,1.118098,0.927789
0.013073,0.149429,5,1.097393,0.927789
0.013073,0.149429,5,1.076687,0.878958
0.013073,0.149429,5,1.035276,0.854542
0.013073,0.149429,5,1.014571,0.854542
0.013073,0.149429,5,0.993865,0.830127
0.00785,0.149794,5,1.005778,0.810807
0.002618,0.149977,5,1.018717,0.816643
0.002618,0.149977,5,0.998342,0.793311
0.002618,0.149977,5,0.951717,0.754614
0.00785,0.149794,5,1.108261,0.785628
0.013073,0.149429,4.778373,1.124278,0.794432
0.01828,0.148882,4.307616,1.241702,0.803907
0.023465,0.148153,3.980782,1.280195,0.771224
0.033743,0.146156,3.194628,1.459147,0.81564
0.043856,0.143446,2.916451,5,0.821043
0.048835,0.141828,2.758189,5,0.855722
0.048835,0.141828,2.769344,5,0.896471
0.048835,0.141828,2.744717,5,0.896471
0.048835,0.141828,2.734644,5,0.896471
0.048835,0.141828,2.710017,5,0.855722
0.048835,0.141828,2.689871,5,0.838214
0.048835,0.141828,2.675317,5,0.82306
0.048835,0.141828,2.662744,5,0.855722
0.048835,0.141828,2.642598,5,0.876096
0.048835,0.141828,2.632525,5,0.876096
0.048835,0.141828,2.607898,5,0.835348
0.048835,0.141828,2.587752,5,0.814973
0.048835,0.141828,2.573198,5,0.794599
0.048835,0.141828,2.553052,5,0.855722
0.048835,0.141828,2.532906,5,0.814973
0.048835,0.141828,2.518352,5,0.814973
0.048835,0.141828,2.498205,5,0.794599
0.048835,0.141828,2.473578,5,0.794599
0.048835,0.141828,2.463505,5,0.794599
0.048835,0.141828,2.443359,5,0.794599
0.048835,0.141828,2.395865,5,0.794599
0.048835,0.141828,2.385792,5,0.794599
0.048835,0.141828,2.361165,5,0.75385
0.048835,0.141828,2.318152,5,0.794599
0.048835,0.141828,2.308079,5,0.794599
0.048835,0.141828,2.283452,5,0.794599
0.048835,0.141828,2.263306,5,0.794599
0.048835,0.141828,2.248752,5,0.794599
0.048835,0.141828,2.228606,5,0.774225
0.048835,0.141828,2.203979,5,0.75385
0.048835,0.141828,2.193905,5,0.794599
0.048835,0.141828,2.173759,5,0.75385
0.048835,0.141828,2.149132,5,0.733476
0.048835,0.141828,2.139059,5,0.713102
0.048835,0.141828,2.114432,5,0.692727
0.048835,0.141828,2.094286,5,0.75385
0.048835,0.141828,2.084213,5,0.733476
0.048835,0.141828,2.082453,5,0.692727
0.048835,0.141828,2.062307,5,0.794599
0.048835,0.141828,2.052234,5,0.794599
0.048835,0.141828,2.027607,5,0.896471
0.048835,0.141828,2.007461,5,0.896471
0.048835,0.141828,1.992907,5,0.896471
0.048835,0.141828,1.972761,5,1.018717
0.048835,0.141828,1.948134,4.825978,1.018717
0.048835,0.141828,1.938061,4.811618,1.120588
0.048835,0.141828,1.917914,4.782899,1.120588
0.048835,0.141828,1.893287,4.774429,1.22246
0.048835,0.141828,1.883214,4.76007,1.22246
0.048835,0.141828,1.881454,4.650353,1.22246
0.048835,0.141828,1.861308,4.621634,1.426203
0.048835,0.141828,1.851235,4.607275,1.426203
0.048835,0.141828,1.826608,4.578556,1.548449
0.048835,0.141828,1.806462,4.489089,1.548449
0.048835,0.141828,1.791908,4.474729,1.548449
0.048835,0.141828,1.771762,4.44601,1.650321
0.048835,0.141828,1.747135,4.417291,1.650321
0.048835,0.141828,1.737062,4.402931,1.752193
0.048835,0.141828,1.716916,4.252717,1.752193
0.043856,0.143446,1.677181,5,1.477878
0.038823,0.144889,1.868862,5,1.283742
0.038823,0.144889,1.853678,5,1.366565
0.038823,0.144889,1.835306,5,1.366565
0.038823,0.144889,1.82612,5,1.366565
0.038823,0.144889,1.816804,5,1.366565
0.038823,0.144889,1.80162,5,1.449387
0.038823,0.144889,1.792434,5,1.449387
0.038823,0.144889,1.755183,5,1.449387
0.038823,0.144889,1.739999,5,1.511503
0.038823,0.144889,1.730813,5,1.511503
0.038823,0.144889,1.715629,5,1.511503
0.038823,0.144889,1.700446,5,1.594325
0.038823,0.144889,1.69126,5,1.594325
0.038823,0.144889,1.672887,5,4.45394
0.038823,0.144889,1.657703,5,4.444645
0.038823,0.144889,1.648517,5,4.450351
0.038823,0.144889,1.633334,5,4.441057
0.038823,0.144889,1.596082,5,4.411057
0.038823,0.144889,1.586896,5,4.437468
0.038823,0.144889,1.571712,5,4.448879
0.038823,0.144889,1.556529,5,4.418879
0.038823,0.144889,1.547343,5,4.403879
0.038823,0.144889,1.532159,5,4.394584
0.038823,0.144889,1.513786,5,4.364584
0.038823,0.144889,1.507789,5,4.349584
0.038823,0.144889,1.489416,5,4.34029
0.038823,0.144889,1.474233,5,4.372406
0.038823,0.144889,1.465047,5,4.357406
0.038823,0.144889,1.446164,5,4.327406
0.038823,0.144889,1.430981,5,4.297406
0.038823,0.144889,1.421794,5,4.303112
0.038823,0.144889,1.406611,4.499548,4.273112
0.033743,0.146156,1.454104,5,4.161826
0.028621,0.147244,1.5964,5,4.026363
0.028621,0.147244,1.571966,5,3.995218
0.028621,0.147244,1.555993,5,3.985224
0.028621,0.147244,1.539547,5,3.969651
0.028621,0.147244,1.523573,5,3.938506
0.028621,0.147244,1.520563,5,3.949665
0.028621,0.147244,1.512576,5,3.955245
0.028621,0.147244,1.488143,5,3.924099
0.028621,0.147244,1.47217,5,3.892953
0.028621,0.147244,1.464183,5,3.898533
0.028621,0.147244,1.461173,5,3.909692
0.028621,0.147244,1.4452,5,3.899699
0.028621,0.147244,1.428753,5,3.884126
0.028621,0.147244,1.41278,5,3.874133
0.028621,0.147244,1.388347,5,3.842987
0.028621,0.147244,1.38036,5,3.827414
0.028621,0.147244,1.37735,5,3.796268
0.028621,0.147244,1.361377,5,3.82858
0.028621,0.147244,1.34493,5,3.83416
0.028621,0.147244,1.328957,5,3.803014
0.028621,0.147244,1.325946,5,3.771868
0.028621,0.147244,1.31796,5,3.756295
0.028621,0.147244,1.274971,5,3.746302
0.028621,0.147244,1.250537,5,3.736309
0.028621,0.147244,1.221128,5,3.741889
0.028621,0.147244,1.196695,5,3.731895
0.028621,0.147244,1.159299,5,3.700749
0.028621,0.147244,1.151312,5,3.685177
0.028621,0.147244,1.126879,5,3.675183
0.028621,0.147244,1.145291,5,3.66519
0.028621,0.147244,1.115882,5,3.649617
0.028621,0.147244,1.078486,5,3.660776
0.028621,0.147244,1.075475,5,3.650783
0.028621,0.147244,1.101874,5,3.63521
0.028621,0.147244,1.064478,5,3.604065
0.028621,0.147244,1.048291,5,3.615224
0.028621,0.147244,1.032519,5,3.620803
0.028621,0.147244,0.994662,5,3.589658
0.023465,0.148153,1.060954,5,3.434605
0.01828,0.148882,1.178125,4.907279,3.382602
0.01828,0.148882,1.188816,4.877461,3.350254
0.01828,0.148882,1.178593,4.847644,3.317906
0.01828,0.148882,1.183938,4.832735,3.323459
0.01828,0.148882,1.173715,4.802918,3.291111
0.013073,0.149429,1.233184,4.744863,3.201934
0.00785,0.149794,1.411104,4.747709,3.130633
0.002618,0.149977,1.532029,4.721133,3.066528
0.002618,0.149977,1.481098,4.690764,3.032232
0.002618,0.149977,1.548449,4.67558,3.015085
0.002618,0.149977,1.548449,4.64521,3.003656
0.002618,0.149977,1.548449,4.614841,2.969361
0.002618,0.149977,1.548449,4.599656,2.952213
0.002618,0.149977,1.548449,4.569287,2.940785
0.002618,0.149977,1.548449,4.538918,2.952224
0.002618,0.149977,1.548449,4.523733,2.935076
0.002618,0.149977,1.426203,4.493363,2.90078
0.002618,0.149977,1.721191,4.471066,2.834775
0.00785,0.149794,2.07547,4.461863,2.780665
0.00785,0.149794,2.07547,4.434357,2.755836
0.00785,0.149794,2.07547,4.406851,2.731007
0.00785,0.149794,2.07547,4.382835,2.705719
0.00785,0.149794,2.05532,4.35533,2.693764
0.00785,0.149794,2.01502,4.327824,2.698363
0.00785,0.149794,2.01502,4.303808,2.704349
0.00785,0.149794,2.07547,4.276302,2.668627
0.00785,0.149794,2.07547,4.248796,2.632905
0.00785,0.149794,2.07547,4.224781,2.638892
0.00785,0.149794,2.07547,4.197275,2.60317
0.00785,0.149794,2.07547,4.169769,2.567448
0.00785,0.149794,2.07547,4.145753,2.573434
0.00785,0.149794,2.07547,4.118248,2.56156
0.00785,0.149794,2.07547,4.090742,2.549685
0.00785,0.149794,2.07547,4.07353,2.531824
0.00785,0.149794,2.07547,4.046024,2.496102
0.00785,0.149794,2.07547,4.018518,2.484228
0.00785,0.149794,2.07547,3.994502,2.490214
0.00785,0.149794,2.07547,3.966997,2.502187
0.00785,0.149794,2.07547,3.939491,2.466465
0.00785,0.149794,2.07547,3.915475,2.448604
0.013073,0.149429,2.50955,3.881136,2.37656
0.01828,0.148882,3.973055,3.845268,2.329294
0.01828,0.148882,3.958146,3.839016,2.310652
0.01828,0.148882,3.928329,3.805597,2.298411
0.01828,0.148882,3.898512,3.772178,2.28617
0.01828,0.148882,3.883603,3.765926,2.29257
0.01828,0.148882,3.853786,3.732507,2.255286
0.01828,0.148882,3.823969,3.704753,2.218002
0.01828,0.148882,3.80906,3.677587,2.19936
0.01828,0.148882,3.779243,3.644168,2.212161
0.01828,0.148882,3.749425,3.610749,2.174877
0.01828,0.148882,3.734517,3.604497,2.206321
0.01828,0.148882,3.7047,3.571078,2.169037
0.01828,0.148882,3.674882,3.543324,2.131752
0.01828,0.148882,3.659974,3.516157,2.138153
0.01828,0.148882,3.630157,3.503653,2.100869
0.01828,0.148882,3.600339,3.491148,2.063585
0.01828,0.148882,3.585431,3.484895,2.044943
0.01828,0.148882,3.515558,3.451477,2.032702
0.01828,0.148882,3.485741,3.418058,2.02046
0.01828,0.148882,3.470833,3.41747,2.051904
0.01828,0.148882,3.441015,3.384051,2.01462
0.01828,0.148882,3.411198,3.339303,1.977336
0.01828,0.148882,3.39629,3.333051,1.958694
0.01828,0.148882,3.366472,3.299632,1.946452
0.01828,0.148882,3.336655,3.271878,1.909168
0.01828,0.148882,3.321746,3.265625,1.890526
0.01828,0.148882,3.291929,3.216957,1.878285
0.01828,0.148882,3.262112,3.183539,1.891086
0.01828,0.148882,3.247203,3.177286,1.872444
0.01828,0.148882,3.217386,3.149532,1.83516
0.01828,0.148882,3.187569,3.116113,1.797876
0.01828,0.148882,3.17266,3.109861,1.829319
0.01828,0.148882,3.142843,3.061193,1.792035
0.01828,0.148882,3.113026,3.027774,1.754751
0.01828,0.148882,3.098117,3.021522,1.761152
0.01828,0.148882,3.0683,2.988103,1.74891
0.01828,0.148882,3.038482,2.954684,1.737983
0.01828,0.148882,3.023574,2.948432,1.718093
0.00785,0.149794,3.05306,2.94849,1.751333
0.002618,0.149977,2.977651,2.895054,1.768434
0.002618,0.149977,2.962466,2.879776,1.73676
0.00785,0.149794,1.477878,2.836476,1.819939
0.00785,0.149794,1.375247,2.806329,1.779655
0.002618,0.149977,2.823851,2.805638,1.757157
0.002618,0.149977,2.793294,2.775269,1.73429
0.013073,0.149429,1.20092,2.720354,2.779531
0.01828,0.148882,1.066606,2.738564,2.748605
0.00785,0.149794,1.334195,2.685703,2.769587
0.002618,0.149977,2.750232,2.666231,1.646876
0.00785,0.149794,2.781442,2.671805,1.587395
0.002618,0.149977,2.640789,2.6237,1.661641
0.013073,0.149429,1.20092,2.610231,2.606049
0.01828,0.148882,0.98295,2.588656,2.619093
0.00785,0.149794,2.666952,2.534876,2.598173
0.00785,0.149794,2.636186,2.504673,2.577193
0.013073,0.149429,1.138804,2.520158,2.561071
0.013073,0.149429,1.118098,2.490213,2.527543
0.002618,0.149977,2.498717,2.442001,2.53407
0.002618,0.149977,2.528063,2.44269,2.586515
0.013073,0.149429,2.475259,2.433104,1.422415
0.013073,0.149429,2.445314,2.40222,1.402987
